1000.0
1046.4657456
1095.08932269
1145.97082187
1199.21496528
1254.93131983
1313.23452017
1374.24450187
1438.08674508
1504.89252937
1574.79920006
1647.95044673
1724.49659419
1804.59490673
1888.40990606
1976.11370362
2067.88634777
2163.91618673
2264.40024768
2369.54463292
2479.56493374
2594.6866628
2715.14570569
2841.18879265
2973.07399126
3111.0712208
3255.46278948
3406.5439553
3564.62351147
3730.02439763
3903.08433764
4084.15650526
4273.6102187
4471.83166516
4679.22465674
4896.21141868
5123.23341147
5360.75218784
5609.25028621
5869.23216178
6141.22515684
6425.78051148
6723.47441646
7034.90910945
7360.71401636
7701.54693922
8058.09529215
8431.07738705
8821.24377058
9229.37861409
9656.30115795
10102.8672121
10569.9707144
11058.5453478
11569.5662193
12104.0516
12663.0647305
13247.7156903
13859.1633343
14498.6172976
15167.3400687
15866.6491331
16597.9191881
17362.5844291
18162.1409082
18998.1489656
19872.2357338
20786.0977144
21741.5034267
22740.2961287
23784.3966068
24875.8060352
26016.6089013
27208.9759954
28455.1674601
29757.5358981
31118.529531
32540.6954058
34026.6826426
35579.2457158
37201.2477617
38895.6639027
40665.584578
42514.2188698
44444.8978113
46461.0776631
48566.3431407
50764.4105772
53059.1310007
55454.4931045
57954.6260894
60563.8023488
63286.4399717
66127.1050333
69090.5136379
72181.5336827
75405.1863013
78766.6469472
82271.2460752
85924.4693706
89731.9574804
93699.5051911
97833.0599992
102138.720014
106622.731134
111291.48343
116151.506668
121209.464907
126472.150092
131946.47458
137639.462513
143558.239973
149710.023836
156102.109253
162741.855686
169636.671418
176793.99649
184221.283966
191925.979505
199915.49916
208197.205368
216778.381109
225666.20219
234867.707662
244389.768365
254239.053635
264421.9962
274944.755338
285813.178378
297032.760658
308608.604064
320545.37433
332847.257273
345517.914208
358560.436766
371977.301436
385770.324107
399940.614994
414488.53429
429413.648972
444714.691162
460389.518522
476435.077114
492847.367237
509621.412699
526751.234027
544229.826089
562049.140608
580200.073993
598672.460928
617455.074097
636535.630363
655900.803712
675536.24516
695426.609787
715555.590972
735905.961823
756459.623724
777197.661804
798100.407083
819147.504925
840317.989361
861590.362762
882942.680245
904352.638154
925797.665866
947255.020144
968701.881198
990115.449607
1011473.04322
1032752.19317
1053930.73812
1074986.91596
1095899.45206
1116647.6434
1137211.4379
1157571.50826
1177709.3198
1197607.19192
1217248.35264
1236616.98613
1255698.27287
1274478.4225
1292944.69924
1311085.43998
1328890.06531
1346349.08344
1363454.08771
1380197.7476
1396573.79403
1412576.99911
1428203.15095
1443449.02399
1458312.34535
1472791.75776
1486886.77944
1500597.76169
1513925.84434
1526872.90991
1539441.53658
1551634.95065
1563456.97869
1574911.99996
1586004.89914
1596741.01993
1607126.11965
1617166.32505
1626868.08961
1636238.15242
1645283.4988
1654011.32274
1662428.99134
1670544.01112
1678363.99641
1685896.63977
1693149.68437
1700130.89843
1706848.05158
1713308.89314
1719521.1323
1725492.42009
1731230.33302
1736742.35845
1742035.88149
1747118.17342
1751996.38148
1756677.52005
1761168.463
1765475.93722
1769606.51728
1773566.62104
1777362.50615
1781000.26748
1784485.83525
1787824.97393
1791023.28172
1794086.19066
1797018.96725
1799826.71353
1802514.36859
1805086.71042
1807548.35815
1809903.77448
1812157.26846
1814312.99842
1816374.97505
1818347.0647
1820232.99279
1822036.34724
1823760.58207
1825409.02099
1826984.86108
1828491.17642
1829930.92176
1831306.93624
1832621.94695
1833878.57259
1835079.32703
1836226.62281
1837322.77464
1838370.00278
1839370.43635
1840326.11668
1841239.00042
1842110.96269
1842943.80013
1843739.23384
1844498.91226
1845224.41399
1845917.25044
1846578.86853
1847210.6532
1847813.92986
1848389.96683
1848939.97759
1849465.12303
1849966.51359
1850445.21134
1850902.23198
1851338.54675
1851755.08433
1852152.73254
1852532.34015
1852894.71848
1853240.64299
1853570.85484
1853886.06231
1854186.94226
1854474.14143
1854748.27779
1855009.94175
1855259.69736
1855498.08349
1855725.61488
1855942.78322
1856150.05816
1856347.88828
1856536.70201
1856716.9085
1856888.89852
1857053.04522
1857209.70495
1857359.21799
1857501.90925
1857638.08897
1857768.05338
1857892.08531
1858010.45481
1858123.41967
1858231.22603
1858334.10889
1858432.29257
1858525.99123
1858615.4093
1858700.74196
1858782.17548
1858859.88772
1858934.04842
1859004.81962
1859072.35598
1859136.80515
1859198.30803
1859256.99912
1859313.00681
1859366.45362
1859417.45651
1859466.1271
1859512.57192
1859556.89266
1859599.18636
1859639.54563
1859678.05888
1859714.81046
1859749.8809
1859783.34702
1859815.28218
1859845.75635
1859874.83632
1859902.58584
1859929.06573
1859954.33407
1859978.44623
1860001.45511
1860023.41115
1860044.36251
1860064.35513
1860083.43287
1860101.63758
1860119.0092
1860135.58582
1860151.40382
1860166.49791
1860180.90121
1860194.64531
1860207.76038
1860220.2752
1860232.21723
1860243.61269
1860254.48658
1860264.86276
1860274.76402
1860284.21209
1860293.2277
1860301.83064
1860310.0398
1860317.87321
1860325.34805
1860332.48074
1860339.28694
1860345.78159
1860351.97894
1860357.89261
1860363.53558
1860368.92024
1860374.05841
1860378.96137
1860383.63989
1860388.10425
1860392.36424
1860396.42922
1860400.30811
1860404.00944
1860407.54133
1860410.91154
1860414.12747
1860417.19617
1860420.1244
1860422.91857
1860425.58484
1860428.12904
1860430.55677
1860432.87337
1860435.08391
1860437.19325
1860439.20603
1860441.12667
1860442.95938
1860444.70819
1860446.37693
1860447.96929
1860449.48874
1860450.93864
1860452.32216
1860453.64234
1860454.90208
1860456.10415
1860457.25119
1860458.34572
1860459.39014
1860460.38675
1860461.33773
1860462.24517
1860463.11107
1860463.93733
1860464.72576
1860465.4781
1860466.196
1860466.88103
1860467.53469
1860468.15844
1860468.75362
1860469.32156
1860469.8635
1860470.38063
1860470.87408
1860471.34494
1860471.79425
1860472.22298
1860472.63209
1860473.02247
1860473.39497
1860473.75042
1860474.0896
1860474.41326
1860474.72209
1860475.01678
1860475.29799
1860475.56632
1860475.82236
1860476.06669
1860476.29982
1860476.52229
1860476.73457
1860476.93713
1860477.13042
1860477.31486
1860477.49085
1860477.65879
1860477.81904
1860477.97195
1860478.11786
1860478.25709
1860478.38995
1860478.51673
1860478.6377
1860478.75313
1860478.86328
1860478.96839
1860479.06868
1860479.16438
1860479.2557
1860479.34284
1860479.42599
1860479.50534
1860479.58105
1860479.65329
1860479.72223
1860479.78801
1860479.85078
1860479.91068
1860479.96783
1860480.02237
1860480.07441
1860480.12407
1860480.17146
1860480.21667
1860480.25982
1860480.30099
1860480.34027
1860480.37776
1860480.41353
1860480.44766
1860480.48023
1860480.51131
1860480.54097
1860480.56927
1860480.59627
1860480.62204
1860480.64662
1860480.67009
1860480.69247
1860480.71384
1860480.73422
1860480.75367
1860480.77223
1860480.78994
1860480.80684
1860480.82297
1860480.83836
1860480.85304
1860480.86705
1860480.88042
1860480.89318
1860480.90535
1860480.91697
1860480.92806
1860480.93863
1860480.94873
1860480.95836
1860480.96755
1860480.97632
1860480.98468
1860480.99267
1860481.00029
1860481.00756
1860481.0145
1860481.02111
1860481.02743
1860481.03346
1860481.03921
1860481.0447
1860481.04994
1860481.05493
1860481.0597
1860481.06425
1860481.06859
1860481.07274
1860481.07669
1860481.08046
1860481.08406
1860481.0875
1860481.09078
1860481.0939
1860481.09689
1860481.09974
1860481.10245
1860481.10505
1860481.10752
1860481.10988
1860481.11213
1860481.11428
1860481.11633
1860481.11829
1860481.12016
1860481.12194
1860481.12364
1860481.12527
1860481.12681
1860481.12829
1860481.1297
1860481.13105
1860481.13233
1860481.13356
1860481.13473
1860481.13584
1860481.13691
1860481.13792
1860481.13889
1860481.13982
1860481.1407
1860481.14154
1860481.14234
1860481.14311
1860481.14384
1860481.14454
1860481.14521
1860481.14584
1860481.14645
1860481.14703
1860481.14758
1860481.14811
1860481.14861
1860481.14909
1860481.14955
1860481.14998
1860481.1504
1860481.1508
1860481.15118
1860481.15154
1860481.15189
1860481.15222
1860481.15253
1860481.15283
1860481.15312
1860481.15339
1860481.15365
1860481.1539
1860481.15414
1860481.15437
1860481.15458
1860481.15479
1860481.15499
1860481.15517
1860481.15535
1860481.15552
1860481.15569
1860481.15584
1860481.15599
1860481.15613
1860481.15627
1860481.1564
1860481.15652
1860481.15664
1860481.15675
1860481.15686
1860481.15696
1860481.15706
1860481.15715
1860481.15724
1860481.15732
1860481.15741
1860481.15748
1860481.15756
1860481.15763
1860481.15769
1860481.15776
1860481.15782
1860481.15788
1860481.15793
1860481.15799
1860481.15804
1860481.15808
1860481.15813
1860481.15817
1860481.15822
1860481.15826
1860481.15829
1860481.15833
1860481.15837
1860481.1584
1860481.15843
1860481.15846
1860481.15849
1860481.15852
1860481.15854
1860481.15857
1860481.15859
1860481.15862
1860481.15864
1860481.15866
1860481.15868
1860481.1587
1860481.15871
1860481.15873
1860481.15875
1860481.15876
1860481.15878
1860481.15879
1860481.15881
1860481.15882
1860481.15883
1860481.15884
1860481.15886
1860481.15887
1860481.15888
1860481.15889
1860481.1589
1860481.1589
1860481.15891
1860481.15892
1860481.15893
1860481.15894
1860481.15894
1860481.15895
1860481.15896
1860481.15896
1860481.15897
1860481.15897
1860481.15898
1860481.15898
1860481.15899
1860481.15899
1860481.159
1860481.159
1860481.15901
1860481.15901
1860481.15901
1860481.15902
1860481.15902
1860481.15902
1860481.15903
1860481.15903
1860481.15903
1860481.15904
1860481.15904
1860481.15904
1860481.15904
1860481.15905
1860481.15905
1860481.15905
1860481.15905
1860481.15905
1860481.15905
1860481.15906
1860481.15906
1860481.15906
1860481.15906
1860481.15906
1860481.15906
1860481.15906
1860481.15907
1860481.15907
1860481.15907
1860481.15907
1860481.15907
1860481.15907
1860481.15907
1860481.15907
1860481.15907
1860481.15907
1860481.15908
1860481.15908
1860481.15908
1860481.15908
1860481.15908
1860481.15908
1860481.15908
1860481.15908
1860481.15908
1860481.15908
1860481.15908
1860481.15908
1860481.15908
1860481.15908
1860481.15908
1860481.15908
1860481.15908
1860481.15908
1860481.15908
1860481.15908
1860481.15908
1860481.15909
1860481.15909
1860481.15909
1860481.15909
1860481.15909
1860481.15909
1860481.15909
1860481.15909
1860481.15909
1860481.15909
1860481.15909
1860481.15909
1860481.15909
1860481.15909
1860481.15909
1860481.15909
1860481.15909
1860481.15909
1860481.15909
1860481.15909
1860481.15909
1860481.15909
1860481.15909
1860481.15909
1860481.15909
1860481.15909
1860481.15909
1860481.15909
1860481.15909
1860481.15909
1860481.15909
1860481.15909
1860481.15909
1860481.15909
1860481.15909
1860481.15909
1860481.15909
1860481.15909
1860481.15909
1860481.15909
1860481.15909
1860481.15909
1860481.15909
1860481.15909
1860481.15909
1860481.15909
1860481.15909
1860481.15909
1860481.15909
1860481.15909
1860481.15909
1860481.15909
1860481.15909
1860481.15909
1860481.15909
1860481.15909
1860481.15909
1860481.15909
1860481.15909
1860481.15909
1860481.15909
1860481.15909
1860481.15909
1860481.15909
1860481.15909
1860481.15909
1860481.15909
1860481.15909
1860481.15909
1860481.15909
1860481.15909
1860481.15909
1860481.15909
1860481.15909
1860481.15909
1860481.15909
1860481.15909
1860481.15909
1860481.15909
1860481.15909
1860481.15909
1860481.15909
1860481.15909
1860481.15909
1860481.15909
1860481.15909
1860481.15909
1860481.15909
1860481.15909
1860481.15909
1860481.15909
1860481.15909
1860481.15909
1860481.15909
1860481.15909
1860481.15909
1860481.15909
1860481.15909
1860481.15909
1860481.15909
1860481.15909
1860481.15909
1860481.15909
1860481.15909
1860481.15909
1860481.15909
1860481.15909
1860481.15909
1860481.15909
1860481.15909
1860481.15909
1860481.15909
1860481.15909
1860481.15909
1860481.15909
1860481.15909
1860481.15909
1860481.15909
1860481.15909
1860481.15909
1860481.15909
1860481.15909
1860481.15909
1860481.15909
1860481.15909
1860481.15909
1860481.15909
1860481.15909
1860481.15909
1860481.15909
1860481.15909
1860481.15909
1860481.15909
1860481.15909
1860481.15909
1860481.15909
1860481.15909
1860481.15909
1860481.15909
1860481.15909
1860481.15909
1860481.15909
1860481.15909
1860481.15909
1860481.15909
1860481.15909
1860481.15909
1860481.15909
1860481.15909
1860481.15909
1860481.15909
1860481.15909
1860481.15909
1860481.15909
1860481.15909
1860481.15909
1860481.15909
1860481.15909
1860481.15909
1860481.15909
1860481.15909
1860481.15909
1860481.15909
1860481.15909
1860481.15909
1860481.15909
1860481.15909
1860481.15909
1860481.15909
1860481.15909
1860481.15909
1860481.15909
1860481.15909
1860481.15909
1860481.15909
1860481.15909
1860481.15909
1860481.15909
1860481.15909
1860481.15909
1860481.15909
1860481.15909
1860481.15909
1860481.15909
1860481.15909
1860481.15909
1860481.15909
1860481.15909
1860481.15909
1860481.15909
1860481.15909
1860481.15909
1860481.15909
1860481.15909
1860481.15909
1860481.15909
1860481.15909
1860481.15909
1860481.15909
1860481.15909
1860481.15909
1860481.15909
1860481.15909
1860481.15909
1860481.15909
1860481.15909
1860481.15909
1860481.15909
1860481.15909
1860481.15909
1860481.15909
1860481.15909
1860481.15909
1860481.15909
1860481.15909
1860481.15909
1860481.15909
1860481.15909
1860481.15909
1860481.15909
1860481.15909
1860481.15909
1860481.15909
1860481.15909
1860481.15909
1860481.15909
1860481.15909
1860481.15909
1860481.15909
1860481.15909
1860481.15909
1860481.15909
1860481.15909
1860481.15909
1860481.15909
1860481.15909
1860481.15909
1860481.15909
1860481.15909
1860481.15909
1860481.15909
1860481.15909
1860481.15909
1860481.15909
1860481.15909
1860481.15909
1860481.15909
1860481.15909
1860481.15909
1860481.15909
1860481.15909
1860481.15909
1860481.15909
1860481.15909
1860481.15909
1860481.15909
1860481.15909
1860481.15909
1860481.15909
1860481.15909
1860481.15909
1860481.15909
1860481.15909
1860481.15909
1860481.15909
1860481.15909
1860481.15909
1860481.15909
1860481.15909
