2015285.0
2015238.53425
2015189.91068
2015139.02918
2015085.78503
2015030.06868
2014971.76548
2014910.7555
2014846.91325
2014780.10747
2014710.2008
2014637.04955
2014560.50341
2014480.40509
2014396.59009
2014308.8863
2014217.11365
2014121.08381
2014020.59975
2013915.45537
2013805.43507
2013690.31334
2013569.85429
2013443.81121
2013311.92601
2013173.92878
2013029.53721
2012878.45604
2012720.37649
2012554.9756
2012381.91566
2012200.84349
2012011.38978
2011813.16833
2011605.77534
2011388.78858
2011161.76659
2010924.24781
2010675.74971
2010415.76784
2010143.77484
2009859.21949
2009561.52558
2009250.09089
2008924.28598
2008583.45306
2008226.90471
2007853.92261
2007463.75623
2007055.62139
2006628.69884
2006182.13279
2005715.02929
2005226.45465
2004715.43378
2004180.9484
2003621.93527
2003037.28431
2002425.83667
2001786.3827
2001117.65993
2000418.35087
1999687.08081
1998922.41557
1998122.85909
1997286.85103
1996412.76427
1995498.90229
1994543.49657
1993544.70387
1992500.60339
1991409.19396
1990268.3911
1989076.024
1987829.83254
1986527.4641
1985166.47047
1983744.30459
1982258.31736
1980705.75428
1979083.75224
1977389.3361
1975619.41542
1973770.78113
1971840.10219
1969823.92234
1967718.65686
1965520.58942
1963225.869
1960830.5069
1958330.37391
1955721.19765
1952998.56003
1950157.89497
1947194.48636
1944103.46632
1940879.8137
1937518.35305
1934013.75392
1930360.53063
1926553.04252
1922585.49481
1918451.94
1914146.27999
1909662.26887
1904993.51657
1900133.49333
1895075.53509
1889812.84991
1884338.52542
1878645.53749
1872726.76003
1866574.97616
1860182.89075
1853543.14431
1846648.32858
1839491.00351
1832063.71603
1824359.02049
1816369.50084
1808087.79463
1799506.61889
1790618.79781
1781417.29234
1771895.23164
1762045.94636
1751863.0038
1741340.24466
1730471.82162
1719252.23934
1707676.39594
1695739.62567
1683437.74273
1670767.08579
1657724.56323
1644307.69856
1630514.67589
1616344.38501
1601796.46571
1586871.35103
1571570.30884
1555895.48148
1539849.92289
1523437.63276
1506663.5873
1489533.76597
1472055.17391
1454235.85939
1436084.92601
1417612.53907
1398829.9259
1379749.36964
1360384.19629
1340748.75484
1320858.39021
1300729.40903
1280379.03818
1259825.37628
1239087.3382
1218184.59292
1197137.49508
1175967.01064
1154694.63724
1133342.31975
1111932.36185
1090487.33413
1069029.97986
1047583.1188
1026169.55039
1004811.95678
983532.806833
962354.261879
941298.084036
920385.547938
899637.356596
879073.562096
858713.491743
838575.680201
818677.808081
799036.647355
779668.013866
760586.727126
741806.577497
723340.300764
705199.560016
687394.934695
669935.916559
652830.912295
636087.252402
619711.205968
603708.000888
588081.849051
572835.976014
557972.65465
543493.242244
529398.220557
515687.238313
502359.155659
489412.090089
476843.463417
464650.049353
452828.021305
441373.000036
430280.10086
419543.98007
409158.880354
399118.674954
389416.910391
380046.847577
371001.501201
362273.677256
353856.008659
345740.988884
337921.003592
330388.360232
323135.315627
316154.101565
309436.948421
302976.106863
296763.867696
290792.579907
285054.666978
279542.641551
274249.118511
269166.826583
264288.618518
259607.479947
255116.537005
250809.062784
246678.482716
242718.378958
238922.493847
235284.732519
231799.164747
228460.02607
225261.718283
222198.809343
219266.03275
216458.286466
213770.631408
211198.289576
208736.641852
206381.225521
204127.731535
201972.001581
199910.024954
197937.935298
196052.00721
194248.652761
192524.417933
190875.979008
189300.138919
187793.823584
186354.078236
184978.063758
183663.053049
182406.427408
181205.67297
180058.377186
178962.225355
177914.997224
176914.563647
175958.883319
175045.999584
174174.037314
173341.199874
172545.766164
171786.087738
171060.586014
170367.749562
169706.131471
169074.346805
168471.070137
167895.033165
167345.022406
166819.87697
166318.486413
165839.788663
165382.768024
164946.453245
164529.915672
164132.267458
163752.659847
163390.281519
163044.357006
162714.14516
162398.937688
162098.057744
161810.858572
161536.722212
161275.058254
161025.302636
160786.916507
160559.385119
160342.216778
160134.941836
159937.111716
159748.297993
159568.091501
159396.101482
159231.954779
159075.295045
158925.782009
158783.090752
158646.911031
158516.946619
158392.914686
158274.545195
158161.580334
158053.773966
157950.891108
157852.707428
157759.008771
157669.590695
157584.258043
157502.824515
157425.112278
157350.951579
157280.18038
157212.644015
157148.194851
157086.691972
157028.000878
156971.99319
156918.546377
156867.543488
156818.872899
156772.428077
156728.10734
156685.813645
156645.454371
156606.941123
156570.189539
156535.119103
156501.652976
156469.717822
156439.243655
156410.163683
156382.414164
156355.934266
156330.665934
156306.553766
156283.54489
156261.58885
156240.637493
156220.644869
156201.567126
156183.362416
156165.990804
156149.41418
156133.596175
156118.502086
156104.098792
156090.35469
156077.239619
156064.7248
156052.782766
156041.387311
156030.513424
156020.137238
156010.235979
156000.787914
155991.772305
155983.16936
155974.960195
155967.12679
155959.651947
155952.519256
155945.713059
155939.218412
155933.021057
155927.107387
155921.464418
155916.079761
155910.941592
155906.038629
155901.360106
155896.895752
155892.635762
155888.570782
155884.691887
155880.990558
155877.458667
155874.08846
155870.872534
155867.803828
155864.875602
155862.081426
155859.415164
155856.87096
155854.443228
155852.126635
155849.916093
155847.806749
155845.793969
155843.873333
155842.040624
155840.291815
155838.623066
155837.030713
155835.511257
155834.061362
155832.677843
155831.357662
155830.09792
155828.895848
155827.748808
155826.65428
155825.60986
155824.613254
155823.662273
155822.754829
155821.888928
155821.062669
155820.274236
155819.521899
155818.804004
155818.118975
155817.465307
155816.841565
155816.246378
155815.678439
155815.136502
155814.619374
155814.125922
155813.65506
155813.205755
155812.777019
155812.367912
155811.977534
155811.605028
155811.249575
155810.910396
155810.586745
155810.277911
155809.983215
155809.702012
155809.433682
155809.177637
155808.933313
155808.700175
155808.477711
155808.265431
155808.06287
155807.869582
155807.685144
155807.509149
155807.341211
155807.180962
155807.028049
155806.882137
155806.742905
155806.610047
155806.483272
155806.3623
155806.246867
155806.136719
155806.031613
155805.931319
155805.835617
155805.744296
155805.657156
155805.574006
155805.494662
155805.41895
155805.346705
155805.277767
155805.211986
155805.149216
155805.089319
155805.032165
155804.977628
155804.925587
155804.875929
155804.828544
155804.783328
155804.740183
155804.699013
155804.659727
155804.622241
155804.58647
155804.552337
155804.519767
155804.488688
155804.459031
155804.430733
155804.40373
155804.377963
155804.353376
155804.329914
155804.307527
155804.286164
155804.26578
155804.246328
155804.227768
155804.210057
155804.193156
155804.17703
155804.161642
155804.146958
155804.132947
155804.119577
155804.106819
155804.094645
155804.083029
155804.071944
155804.061367
155804.051274
155804.041643
155804.032453
155804.023684
155804.015316
155804.007332
155803.999713
155803.992442
155803.985505
155803.978885
155803.972568
155803.966541
155803.960789
155803.955301
155803.950064
155803.945067
155803.940298
155803.935748
155803.931406
155803.927263
155803.923309
155803.919537
155803.915937
155803.912502
155803.909225
155803.906097
155803.903113
155803.900265
155803.897548
155803.894955
155803.89248
155803.890119
155803.887866
155803.885717
155803.883665
155803.881708
155803.87984
155803.878058
155803.876357
155803.874734
155803.873185
155803.871708
155803.870298
155803.868952
155803.867668
155803.866443
155803.865274
155803.864159
155803.863094
155803.862079
155803.86111
155803.860185
155803.859302
155803.85846
155803.857657
155803.85689
155803.856158
155803.85546
155803.854794
155803.854158
155803.853552
155803.852973
155803.852421
155803.851894
155803.851391
155803.850911
155803.850453
155803.850016
155803.849599
155803.849201
155803.848822
155803.848459
155803.848114
155803.847784
155803.847469
155803.847169
155803.846882
155803.846609
155803.846348
155803.846099
155803.845861
155803.845635
155803.845418
155803.845212
155803.845015
155803.844827
155803.844647
155803.844476
155803.844313
155803.844157
155803.844008
155803.843867
155803.843731
155803.843602
155803.843479
155803.843361
155803.843249
155803.843142
155803.843039
155803.842942
155803.842849
155803.84276
155803.842675
155803.842594
155803.842517
155803.842444
155803.842373
155803.842306
155803.842242
155803.842181
155803.842123
155803.842068
155803.842015
155803.841964
155803.841916
155803.84187
155803.841826
155803.841784
155803.841744
155803.841705
155803.841669
155803.841634
155803.841601
155803.841569
155803.841539
155803.84151
155803.841483
155803.841456
155803.841431
155803.841407
155803.841385
155803.841363
155803.841342
155803.841322
155803.841303
155803.841285
155803.841268
155803.841252
155803.841236
155803.841221
155803.841207
155803.841193
155803.84118
155803.841168
155803.841156
155803.841145
155803.841134
155803.841123
155803.841114
155803.841104
155803.841095
155803.841087
155803.841079
155803.841071
155803.841064
155803.841056
155803.84105
155803.841043
155803.841037
155803.841031
155803.841026
155803.84102
155803.841015
155803.84101
155803.841006
155803.841001
155803.840997
155803.840993
155803.840989
155803.840986
155803.840982
155803.840979
155803.840976
155803.840972
155803.84097
155803.840967
155803.840964
155803.840962
155803.840959
155803.840957
155803.840955
155803.840953
155803.840951
155803.840949
155803.840947
155803.840945
155803.840944
155803.840942
155803.84094
155803.840939
155803.840938
155803.840936
155803.840935
155803.840934
155803.840933
155803.840932
155803.840931
155803.84093
155803.840929
155803.840928
155803.840927
155803.840926
155803.840925
155803.840925
155803.840924
155803.840923
155803.840923
155803.840922
155803.840921
155803.840921
155803.84092
155803.84092
155803.840919
155803.840919
155803.840918
155803.840918
155803.840918
155803.840917
155803.840917
155803.840916
155803.840916
155803.840916
155803.840915
155803.840915
155803.840915
155803.840915
155803.840914
155803.840914
155803.840914
155803.840914
155803.840913
155803.840913
155803.840913
155803.840913
155803.840913
155803.840913
155803.840912
155803.840912
155803.840912
155803.840912
155803.840912
155803.840912
155803.840912
155803.840911
155803.840911
155803.840911
155803.840911
155803.840911
155803.840911
155803.840911
155803.840911
155803.840911
155803.840911
155803.840911
155803.840911
155803.84091
155803.84091
155803.84091
155803.84091
155803.84091
155803.84091
155803.84091
155803.84091
155803.84091
155803.84091
155803.84091
155803.84091
155803.84091
155803.84091
155803.84091
155803.84091
155803.84091
155803.84091
155803.84091
155803.84091
155803.84091
155803.84091
155803.84091
155803.84091
155803.84091
155803.84091
155803.840909
155803.840909
155803.840909
155803.840909
155803.840909
155803.840909
155803.840909
155803.840909
155803.840909
155803.840909
155803.840909
155803.840909
155803.840909
155803.840909
155803.840909
155803.840909
155803.840909
155803.840909
155803.840909
155803.840909
155803.840909
155803.840909
155803.840909
155803.840909
155803.840909
155803.840909
155803.840909
155803.840909
155803.840909
155803.840909
155803.840909
155803.840909
155803.840909
155803.840909
155803.840909
155803.840909
155803.840909
155803.840909
155803.840909
155803.840909
155803.840909
155803.840909
155803.840909
155803.840909
155803.840909
155803.840909
155803.840909
155803.840909
155803.840909
155803.840909
155803.840909
155803.840909
155803.840909
155803.840909
155803.840909
155803.840909
155803.840909
155803.840909
155803.840909
155803.840909
155803.840909
155803.840909
155803.840909
155803.840909
155803.840909
155803.840909
155803.840909
155803.840909
155803.840909
155803.840909
155803.840909
155803.840909
155803.840909
155803.840909
155803.840909
155803.840909
155803.840909
155803.840909
155803.840909
155803.840909
155803.840909
155803.840909
155803.840909
155803.840909
155803.840909
155803.840909
155803.840909
155803.840909
155803.840909
155803.840909
155803.840909
155803.840909
155803.840909
155803.840909
155803.840909
155803.840909
155803.840909
155803.840909
155803.840909
155803.840909
155803.840909
155803.840909
155803.840909
155803.840909
155803.840909
155803.840909
155803.840909
155803.840909
155803.840909
155803.840909
155803.840909
155803.840909
155803.840909
155803.840909
155803.840909
155803.840909
155803.840909
155803.840909
155803.840909
155803.840909
155803.840909
155803.840909
155803.840909
155803.840909
155803.840909
155803.840909
155803.840909
155803.840909
155803.840909
155803.840909
155803.840909
155803.840909
155803.840909
155803.840909
155803.840909
155803.840909
155803.840909
155803.840909
155803.840909
155803.840909
155803.840909
155803.840909
155803.840909
155803.840909
155803.840909
155803.840909
155803.840909
155803.840909
155803.840909
155803.840909
155803.840909
155803.840909
155803.840909
155803.840909
155803.840909
155803.840909
155803.840909
155803.840909
155803.840909
155803.840909
155803.840909
155803.840909
155803.840909
155803.840909
155803.840909
155803.840909
155803.840909
155803.840909
155803.840909
155803.840909
155803.840909
155803.840909
155803.840909
155803.840909
155803.840909
155803.840909
155803.840909
155803.840909
155803.840909
155803.840909
155803.840909
155803.840909
155803.840909
155803.840909
155803.840909
155803.840909
155803.840909
155803.840909
155803.840909
155803.840909
155803.840909
155803.840909
155803.840909
155803.840909
155803.840909
155803.840909
155803.840909
155803.840909
155803.840909
155803.840909
155803.840909
155803.840909
155803.840909
155803.840909
155803.840909
155803.840909
155803.840909
155803.840909
155803.840909
155803.840909
155803.840909
155803.840909
