0.0
0.227272727273
0.454545454545
0.681818181818
0.909090909091
1.13636363636
1.36363636364
1.59090909091
1.81818181818
2.04545454545
2.27272727273
2.5
2.72727272727
2.95454545455
3.18181818182
3.40909090909
3.63636363636
3.86363636364
4.09090909091
4.31818181818
4.54545454545
4.77272727273
5.0
5.22727272727
5.45454545455
5.68181818182
5.90909090909
6.13636363636
6.36363636364
6.59090909091
6.81818181818
7.04545454545
7.27272727273
7.5
7.72727272727
7.95454545455
8.18181818182
8.40909090909
8.63636363636
8.86363636364
9.09090909091
9.31818181818
9.54545454545
9.77272727273
10.0
10.2272727273
10.4545454545
10.6818181818
10.9090909091
11.1363636364
11.3636363636
11.5909090909
11.8181818182
12.0454545455
12.2727272727
12.5
12.7272727273
12.9545454545
13.1818181818
13.4090909091
13.6363636364
13.8636363636
14.0909090909
14.3181818182
14.5454545455
14.7727272727
15.0
15.2272727273
15.4545454545
15.6818181818
15.9090909091
16.1363636364
16.3636363636
16.5909090909
16.8181818182
17.0454545455
17.2727272727
17.5
17.7272727273
17.9545454545
18.1818181818
18.4090909091
18.6363636364
18.8636363636
19.0909090909
19.3181818182
19.5454545455
19.7727272727
20.0
20.2272727273
20.4545454545
20.6818181818
20.9090909091
21.1363636364
21.3636363636
21.5909090909
21.8181818182
22.0454545455
22.2727272727
22.5
22.7272727273
22.9545454545
23.1818181818
23.4090909091
23.6363636364
23.8636363636
24.0909090909
24.3181818182
24.5454545455
24.7727272727
25.0
25.2272727273
25.4545454545
25.6818181818
25.9090909091
26.1363636364
26.3636363636
26.5909090909
26.8181818182
27.0454545455
27.2727272727
27.5
27.7272727273
27.9545454545
28.1818181818
28.4090909091
28.6363636364
28.8636363636
29.0909090909
29.3181818182
29.5454545455
29.7727272727
30.0
30.2272727273
30.4545454545
30.6818181818
30.9090909091
31.1363636364
31.3636363636
31.5909090909
31.8181818182
32.0454545455
32.2727272727
32.5
32.7272727273
32.9545454545
33.1818181818
33.4090909091
33.6363636364
33.8636363636
34.0909090909
34.3181818182
34.5454545455
34.7727272727
35.0
35.2272727273
35.4545454545
35.6818181818
35.9090909091
36.1363636364
36.3636363636
36.5909090909
36.8181818182
37.0454545455
37.2727272727
37.5
37.7272727273
37.9545454545
38.1818181818
38.4090909091
38.6363636364
38.8636363636
39.0909090909
39.3181818182
39.5454545455
39.7727272727
40.0
40.2272727273
40.4545454545
40.6818181818
40.9090909091
41.1363636364
41.3636363636
41.5909090909
41.8181818182
42.0454545455
42.2727272727
42.5
42.7272727273
42.9545454545
43.1818181818
43.4090909091
43.6363636364
43.8636363636
44.0909090909
44.3181818182
44.5454545455
44.7727272727
45.0
45.2272727273
45.4545454545
45.6818181818
45.9090909091
46.1363636364
46.3636363636
46.5909090909
46.8181818182
47.0454545455
47.2727272727
47.5
47.7272727273
47.9545454545
48.1818181818
48.4090909091
48.6363636364
48.8636363636
49.0909090909
49.3181818182
49.5454545455
49.7727272727
50.0
50.2272727273
50.4545454545
50.6818181818
50.9090909091
51.1363636364
51.3636363636
51.5909090909
51.8181818182
52.0454545455
52.2727272727
52.5
52.7272727273
52.9545454545
53.1818181818
53.4090909091
53.6363636364
53.8636363636
54.0909090909
54.3181818182
54.5454545455
54.7727272727
55.0
55.2272727273
55.4545454545
55.6818181818
55.9090909091
56.1363636364
56.3636363636
56.5909090909
56.8181818182
57.0454545455
57.2727272727
57.5
57.7272727273
57.9545454545
58.1818181818
58.4090909091
58.6363636364
58.8636363636
59.0909090909
59.3181818182
59.5454545455
59.7727272727
60.0
60.2272727273
60.4545454545
60.6818181818
60.9090909091
61.1363636364
61.3636363636
61.5909090909
61.8181818182
62.0454545455
62.2727272727
62.5
62.7272727273
62.9545454545
63.1818181818
63.4090909091
63.6363636364
63.8636363636
64.0909090909
64.3181818182
64.5454545455
64.7727272727
65.0
65.2272727273
65.4545454545
65.6818181818
65.9090909091
66.1363636364
66.3636363636
66.5909090909
66.8181818182
67.0454545455
67.2727272727
67.5
67.7272727273
67.9545454545
68.1818181818
68.4090909091
68.6363636364
68.8636363636
69.0909090909
69.3181818182
69.5454545455
69.7727272727
70.0
70.2272727273
70.4545454545
70.6818181818
70.9090909091
71.1363636364
71.3636363636
71.5909090909
71.8181818182
72.0454545455
72.2727272727
72.5
72.7272727273
72.9545454545
73.1818181818
73.4090909091
73.6363636364
73.8636363636
74.0909090909
74.3181818182
74.5454545455
74.7727272727
75.0
75.2272727273
75.4545454545
75.6818181818
75.9090909091
76.1363636364
76.3636363636
76.5909090909
76.8181818182
77.0454545455
77.2727272727
77.5
77.7272727273
77.9545454545
78.1818181818
78.4090909091
78.6363636364
78.8636363636
79.0909090909
79.3181818182
79.5454545455
79.7727272727
80.0
80.2272727273
80.4545454545
80.6818181818
80.9090909091
81.1363636364
81.3636363636
81.5909090909
81.8181818182
82.0454545455
82.2727272727
82.5
82.7272727273
82.9545454545
83.1818181818
83.4090909091
83.6363636364
83.8636363636
84.0909090909
84.3181818182
84.5454545455
84.7727272727
85.0
85.2272727273
85.4545454545
85.6818181818
85.9090909091
86.1363636364
86.3636363636
86.5909090909
86.8181818182
87.0454545455
87.2727272727
87.5
87.7272727273
87.9545454545
88.1818181818
88.4090909091
88.6363636364
88.8636363636
89.0909090909
89.3181818182
89.5454545455
89.7727272727
90.0
90.2272727273
90.4545454545
90.6818181818
90.9090909091
91.1363636364
91.3636363636
91.5909090909
91.8181818182
92.0454545455
92.2727272727
92.5
92.7272727273
92.9545454545
93.1818181818
93.4090909091
93.6363636364
93.8636363636
94.0909090909
94.3181818182
94.5454545455
94.7727272727
95.0
95.2272727273
95.4545454545
95.6818181818
95.9090909091
96.1363636364
96.3636363636
96.5909090909
96.8181818182
97.0454545455
97.2727272727
97.5
97.7272727273
97.9545454545
98.1818181818
98.4090909091
98.6363636364
98.8636363636
99.0909090909
99.3181818182
99.5454545455
99.7727272727
100.0
100.227272727
100.454545455
100.681818182
100.909090909
101.136363636
101.363636364
101.590909091
101.818181818
102.045454545
102.272727273
102.5
102.727272727
102.954545455
103.181818182
103.409090909
103.636363636
103.863636364
104.090909091
104.318181818
104.545454545
104.772727273
105.0
105.227272727
105.454545455
105.681818182
105.909090909
106.136363636
106.363636364
106.590909091
106.818181818
107.045454545
107.272727273
107.5
107.727272727
107.954545455
108.181818182
108.409090909
108.636363636
108.863636364
109.090909091
109.318181818
109.545454545
109.772727273
110.0
110.227272727
110.454545455
110.681818182
110.909090909
111.136363636
111.363636364
111.590909091
111.818181818
112.045454545
112.272727273
112.5
112.727272727
112.954545455
113.181818182
113.409090909
113.636363636
113.863636364
114.090909091
114.318181818
114.545454545
114.772727273
115.0
115.227272727
115.454545455
115.681818182
115.909090909
116.136363636
116.363636364
116.590909091
116.818181818
117.045454545
117.272727273
117.5
117.727272727
117.954545455
118.181818182
118.409090909
118.636363636
118.863636364
119.090909091
119.318181818
119.545454545
119.772727273
120.0
120.227272727
120.454545455
120.681818182
120.909090909
121.136363636
121.363636364
121.590909091
121.818181818
122.045454545
122.272727273
122.5
122.727272727
122.954545455
123.181818182
123.409090909
123.636363636
123.863636364
124.090909091
124.318181818
124.545454545
124.772727273
125.0
125.227272727
125.454545455
125.681818182
125.909090909
126.136363636
126.363636364
126.590909091
126.818181818
127.045454545
127.272727273
127.5
127.727272727
127.954545455
128.181818182
128.409090909
128.636363636
128.863636364
129.090909091
129.318181818
129.545454545
129.772727273
130.0
130.227272727
130.454545455
130.681818182
130.909090909
131.136363636
131.363636364
131.590909091
131.818181818
132.045454545
132.272727273
132.5
132.727272727
132.954545455
133.181818182
133.409090909
133.636363636
133.863636364
134.090909091
134.318181818
134.545454545
134.772727273
135.0
135.227272727
135.454545455
135.681818182
135.909090909
136.136363636
136.363636364
136.590909091
136.818181818
137.045454545
137.272727273
137.5
137.727272727
137.954545455
138.181818182
138.409090909
138.636363636
138.863636364
139.090909091
139.318181818
139.545454545
139.772727273
140.0
140.227272727
140.454545455
140.681818182
140.909090909
141.136363636
141.363636364
141.590909091
141.818181818
142.045454545
142.272727273
142.5
142.727272727
142.954545455
143.181818182
143.409090909
143.636363636
143.863636364
144.090909091
144.318181818
144.545454545
144.772727273
145.0
145.227272727
145.454545455
145.681818182
145.909090909
146.136363636
146.363636364
146.590909091
146.818181818
147.045454545
147.272727273
147.5
147.727272727
147.954545455
148.181818182
148.409090909
148.636363636
148.863636364
149.090909091
149.318181818
149.545454545
149.772727273
150.0
150.227272727
150.454545455
150.681818182
150.909090909
151.136363636
151.363636364
151.590909091
151.818181818
152.045454545
152.272727273
152.5
152.727272727
152.954545455
153.181818182
153.409090909
153.636363636
153.863636364
154.090909091
154.318181818
154.545454545
154.772727273
155.0
155.227272727
155.454545455
155.681818182
155.909090909
156.136363636
156.363636364
156.590909091
156.818181818
157.045454545
157.272727273
157.5
157.727272727
157.954545455
158.181818182
158.409090909
158.636363636
158.863636364
159.090909091
159.318181818
159.545454545
159.772727273
160.0
160.227272727
160.454545455
160.681818182
160.909090909
161.136363636
161.363636364
161.590909091
161.818181818
162.045454545
162.272727273
162.5
162.727272727
162.954545455
163.181818182
163.409090909
163.636363636
163.863636364
164.090909091
164.318181818
164.545454545
164.772727273
165.0
165.227272727
165.454545455
165.681818182
165.909090909
166.136363636
166.363636364
166.590909091
166.818181818
167.045454545
167.272727273
167.5
167.727272727
167.954545455
168.181818182
168.409090909
168.636363636
168.863636364
169.090909091
169.318181818
169.545454545
169.772727273
170.0
170.227272727
170.454545455
170.681818182
170.909090909
171.136363636
171.363636364
171.590909091
171.818181818
172.045454545
172.272727273
172.5
172.727272727
172.954545455
173.181818182
173.409090909
173.636363636
173.863636364
174.090909091
174.318181818
174.545454545
174.772727273
175.0
175.227272727
175.454545455
175.681818182
175.909090909
176.136363636
176.363636364
176.590909091
176.818181818
177.045454545
177.272727273
177.5
177.727272727
177.954545455
178.181818182
178.409090909
178.636363636
178.863636364
179.090909091
179.318181818
179.545454545
179.772727273
180.0
180.227272727
180.454545455
180.681818182
180.909090909
181.136363636
181.363636364
181.590909091
181.818181818
182.045454545
182.272727273
182.5
182.727272727
182.954545455
183.181818182
183.409090909
183.636363636
183.863636364
184.090909091
184.318181818
184.545454545
184.772727273
185.0
185.227272727
185.454545455
185.681818182
185.909090909
186.136363636
186.363636364
186.590909091
186.818181818
187.045454545
187.272727273
187.5
187.727272727
187.954545455
188.181818182
188.409090909
188.636363636
188.863636364
189.090909091
189.318181818
189.545454545
189.772727273
190.0
190.227272727
190.454545455
190.681818182
190.909090909
191.136363636
191.363636364
191.590909091
191.818181818
192.045454545
192.272727273
192.5
192.727272727
192.954545455
193.181818182
193.409090909
193.636363636
193.863636364
194.090909091
194.318181818
194.545454545
194.772727273
195.0
195.227272727
195.454545455
195.681818182
195.909090909
196.136363636
196.363636364
196.590909091
196.818181818
197.045454545
197.272727273
197.5
197.727272727
197.954545455
198.181818182
198.409090909
198.636363636
198.863636364
199.090909091
199.318181818
199.545454545
199.772727273
200.0
200.227272727
200.454545455
200.681818182
200.909090909
201.136363636
201.363636364
201.590909091
201.818181818
202.045454545
202.272727273
202.5
202.727272727
202.954545455
203.181818182
203.409090909
203.636363636
203.863636364
204.090909091
204.318181818
204.545454545
204.772727273
205.0
205.227272727
205.454545455
205.681818182
205.909090909
206.136363636
206.363636364
206.590909091
206.818181818
207.045454545
207.272727273
207.5
207.727272727
207.954545455
208.181818182
208.409090909
208.636363636
208.863636364
209.090909091
209.318181818
209.545454545
209.772727273
210.0
210.227272727
210.454545455
210.681818182
210.909090909
211.136363636
211.363636364
211.590909091
211.818181818
212.045454545
212.272727273
212.5
212.727272727
212.954545455
213.181818182
213.409090909
213.636363636
213.863636364
214.090909091
214.318181818
214.545454545
214.772727273
215.0
215.227272727
215.454545455
215.681818182
215.909090909
216.136363636
216.363636364
216.590909091
216.818181818
217.045454545
217.272727273
217.5
217.727272727
217.954545455
218.181818182
218.409090909
218.636363636
218.863636364
219.090909091
219.318181818
219.545454545
219.772727273
220.0
220.227272727
220.454545455
220.681818182
220.909090909
221.136363636
221.363636364
221.590909091
221.818181818
222.045454545
222.272727273
222.5
222.727272727
222.954545455
223.181818182
223.409090909
223.636363636
223.863636364
224.090909091
224.318181818
224.545454545
224.772727273
225.0
225.227272727
225.454545455
225.681818182
225.909090909
226.136363636
226.363636364
226.590909091
226.818181818
227.045454545
